1741357469944 0.001 0
1741357470323 0.001 1
1741357470581 0.001 2
1741357470831 0.001 3
1741357471063 0.001 4
1741357471296 0.001 5
1741357471529 0.001 6
1741357471763 0.001 7
1741357472001 0.001 8
1741357472235 0.001 9
1741357472464 0.001 10
1741357472698 0.001 11
1741357472965 0.001 12
1741357473198 0.001 13
1741357473423 0.001 14
1741357473657 0.001 15
1741357473889 0.001 16
1741357474123 0.001 17
1741357474353 0.001 18
1741357474589 0.001 19
1741357474832 0.001 20
1741357475069 0.001 21
1741357475300 0.001 22
1741357475530 0.001 23
1741357475762 0.001 24
1741357476001 0.001 25
1741357476257 0.001 26
1741357476500 0.001 27
1741357476729 0.001 28
1741357477004 0.001 29
1741357477236 0.001 30
1741357477467 0.001 31
1741357477702 0.001 32
1741357477941 0.001 33
1741357478175 0.001 34
1741357478416 0.001 35
1741357478651 0.001 36
1741357478885 0.001 37
1741357479119 0.001 38
1741357479350 0.001 39
1741357479589 0.001 40
1741357479817 0.001 41
1741357480053 0.001 42
1741357480286 0.001 43
1741357480516 0.001 44
1741357480831 0.001 45
1741357481081 0.001 46
1741357481314 0.001 47
1741357481552 0.001 48
1741357481783 0.001 49
1741357482022 0.001 50
1741357482261 0.001 51
1741357482494 0.001 52
1741357482737 0.001 53
1741357482971 0.001 54
1741357483195 0.001 55
1741357483430 0.001 56
1741357483668 0.001 57
1741357483908 0.001 58
1741357484138 0.001 59
1741357484371 0.001 60
1741357484608 0.001 61
1741357484853 0.001 62
1741357485089 0.001 63
1741357485322 0.001 64
1741357485560 0.001 65
1741357485796 0.001 66
1741357486026 0.001 67
1741357486258 0.001 68
1741357486491 0.001 69
1741357486722 0.001 70
1741357486961 0.001 71
1741357487219 0.001 72
1741357487455 0.001 73
1741357487684 0.001 74
1741357487912 0.001 75
1741357488155 0.001 76
1741357488393 0.001 77
1741357488628 0.001 78
1741357488861 0.001 79
1741357489096 0.001 80
1741357489335 0.001 81
1741357489559 0.001 82
1741357489787 0.001 83
1741357490009 0.001 84
1741357490244 0.001 85
1741357490482 0.001 86
1741357490721 0.001 87
1741357490956 0.001 88
1741357491188 0.001 89
1741357491422 0.001 90
1741357491646 0.001 91
1741357491873 0.001 92
1741357492107 0.001 93
1741357492343 0.001 94
1741357492573 0.001 95
1741357492801 0.001 96
1741357493031 0.001 97
1741357493259 0.001 98
1741357493489 0.001 99
1741357493719 0.001 100
1741357493965 0.001 101
1741357494196 0.001 102
1741357494422 0.001 103
1741357494648 0.001 104
1741357495153 0.001 105
1741357495420 0.001 106
1741357495662 0.001 107
1741357495913 0.001 108
1741357496152 0.001 109
1741357496388 0.001 110
1741357496616 0.001 111
1741357496849 0.001 112
1741357497104 0.001 113
1741357497340 0.001 114
1741357497580 0.001 115
1741357497825 0.001 116
1741357498081 0.001 117
1741357498308 0.001 118
1741357498539 0.001 119
1741357498768 0.001 120
1741357499016 0.001 121
1741357499253 0.001 122
1741357499501 0.001 123
1741357499734 0.001 124
1741357499968 0.001 125
1741357500202 0.001 126
1741357500446 0.001 127
1741357500691 0.001 128
1741357500924 0.001 129
1741357501160 0.001 130
1741357501396 0.001 131
1741357501631 0.001 132
1741357501876 0.001 133
1741357502127 0.001 134
1741357502378 0.001 135
1741357502621 0.001 136
1741357502852 0.001 137
1741357503088 0.001 138
1741357503333 0.001 139
1741357503583 0.001 140
1741357503828 0.001 141
1741357504070 0.001 142
1741357504317 0.001 143
1741357504552 0.001 144
1741357504806 0.001 145
1741357505041 0.001 146
1741357505284 0.001 147
1741357505527 0.001 148
1741357505767 0.001 149
1741357506003 0.001 150
1741357506239 0.001 151
1741357506477 0.001 152
1741357506719 0.001 153
1741357506956 0.001 154
1741357507193 0.001 155
1741357507421 0.001 156
1741357507647 0.001 157
1741357507897 0.001 158
1741357508135 0.001 159
1741357508381 0.001 160
1741357508631 0.001 161
1741357508863 0.001 162
1741357509095 0.001 163
1741357509330 0.001 164
1741357509573 0.001 165
1741357509801 0.001 166
1741357510043 0.001 167
1741357510270 0.001 168
1741357510504 0.001 169
1741357510744 0.001 170
1741357510975 0.001 171
1741357511205 0.001 172
1741357511434 0.001 173
1741357511664 0.001 174
1741357511898 0.001 175
1741357512128 0.001 176
1741357512367 0.001 177
1741357512600 0.001 178
1741357512830 0.001 179
1741357513064 0.001 180
1741357513297 0.001 181
1741357513525 0.001 182
1741357513757 0.001 183
1741357514000 0.001 184
1741357514241 0.001 185
1741357514497 0.001 186
1741357514729 0.001 187
1741357514955 0.001 188
1741357515192 0.001 189
1741357515431 0.001 190
1741357515670 0.001 191
1741357515897 0.001 192
1741357516120 0.001 193
1741357516353 0.001 194
1741357516591 0.001 195
1741357516820 0.001 196
1741357517061 0.001 197
1741357517320 0.001 198
1741357517547 0.001 199
1741357517780 0.001 200
1741357518009 0.001 201
1741357518247 0.001 202
1741357518489 0.001 203
1741357518724 0.001 204
1741357518988 0.001 205
1741357519234 0.001 206
1741357519485 0.001 207
1741357519719 0.001 208
1741357519974 0.001 209
1741357520215 0.001 210
1741357520459 0.001 211
1741357520693 0.001 212
1741357520937 0.001 213
1741357521288 0.001 214
1741357521571 0.001 215
1741357521818 0.001 216
1741357522061 0.001 217
1741357522307 0.001 218
1741357522562 0.001 219
1741357522850 0.001 220
1741357523096 0.001 221
1741357523333 0.001 222
1741357523618 0.001 223
1741357523892 0.001 224
1741357524178 0.001 225
1741357524461 0.001 226
1741357524703 0.001 227
1741357524937 0.001 228
1741357525187 0.001 229
1741357525424 0.001 230
1741357525657 0.001 231
1741357525889 0.001 232
1741357526151 0.001 233
1741357526394 0.001 234
1741357526631 0.001 235
1741357526866 0.001 236
1741357527104 0.001 237
1741357527344 0.001 238
1741357527575 0.001 239
1741357527809 0.001 240
1741357528043 0.001 241
1741357528280 0.001 242
1741357528534 0.001 243
1741357528800 0.001 244
1741357529048 0.001 245
1741357529276 0.001 246
1741357529509 0.001 247
1741357529746 0.001 248
1741357530042 0.001 249
1741357530296 0.001 250
1741357530539 0.001 251
1741357530781 0.001 252
1741357531017 0.001 253
1741357531258 0.001 254
1741357531499 0.001 255
1741357531804 0.001 256
1741357532049 0.001 257
1741357532285 0.001 258
1741357532519 0.001 259
1741357532761 0.001 260
1741357533003 0.001 261
1741357533236 0.001 262
1741357533470 0.001 263
1741357533725 0.001 264
1741357533958 0.001 265
1741357534193 0.001 266
1741357534433 0.001 267
1741357534665 0.001 268
1741357534909 0.001 269
1741357535209 0.001 270
1741357535435 0.001 271
1741357535666 0.001 272
1741357535903 0.001 273
1741357536134 0.001 274
1741357536375 0.001 275
1741357536615 0.001 276
1741357536929 0.001 277
1741357537202 0.001 278
1741357537434 0.001 279
1741357537696 0.001 280
1741357537968 0.001 281
1741357538304 0.001 282
1741357538591 0.001 283
1741357538834 0.001 284
1741357539082 0.001 285
1741357539325 0.001 286
1741357539570 0.001 287
1741357539804 0.001 288
1741357540038 0.001 289
1741357540267 0.001 290
1741357540502 0.001 291
1741357540741 0.001 292
1741357541000 0.001 293
1741357541242 0.001 294
1741357541512 0.001 295
1741357541757 0.001 296
1741357541993 0.001 297
1741357542242 0.001 298
1741357542481 0.001 299
1741357542717 0.001 300
1741357542951 0.001 301
1741357543191 0.001 302
1741357543433 0.001 303
1741357543674 0.001 304
1741357543918 0.001 305
1741357544165 0.001 306
1741357544398 0.001 307
1741357544633 0.001 308
1741357544874 0.001 309
1741357545168 0.001 310
1741357545417 0.001 311
1741357545662 0.001 312
1741357545924 0.001 313
1741357546195 0.001 314
1741357546458 0.001 315
1741357546692 0.001 316
1741357546932 0.001 317
1741357547170 0.001 318
1741357547411 0.001 319
1741357547651 0.001 320
1741357547892 0.001 321
1741357548168 0.001 322
1741357548475 0.001 323
1741357548722 0.001 324
1741357548963 0.001 325
1741357549204 0.001 326
1741357549456 0.001 327
1741357549693 0.001 328
1741357549949 0.001 329
1741357550208 0.001 330
1741357550445 0.001 331
1741357550693 0.001 332
1741357550982 0.001 333
1741357551226 0.001 334
1741357551464 0.001 335
1741357551709 0.001 336
1741357551951 0.001 337
1741357552192 0.001 338
1741357552438 0.001 339
1741357552673 0.001 340
1741357552908 0.001 341
1741357553146 0.001 342
1741357553384 0.001 343
1741357553631 0.001 344
1741357553873 0.001 345
1741357554107 0.001 346
1741357554361 0.001 347
1741357554601 0.001 348
1741357555109 0.001 349
1741357555387 0.001 350
1741357555630 0.001 351
1741357679072 0.001 352
1741357679359 0.001 353
1741357679623 0.001 354
1741357679869 0.001 355
1741357680109 0.001 356
1741357680346 0.001 357
1741357680614 0.001 358
1741357680868 0.001 359
1741357681140 0.001 360
1741357681376 0.001 361
1741357681606 0.001 362
1741357681844 0.001 363
1741357682080 0.001 364
1741357682323 0.001 365
1741357682577 0.001 366
1741357682828 0.001 367
1741357683072 0.001 368
1741357683311 0.001 369
1741357683545 0.001 370
1741357683789 0.001 371
1741357684027 0.001 372
1741357684269 0.001 373
1741357684515 0.001 374
1741357684768 0.001 375
1741357685007 0.001 376
1741357685253 0.001 377
1741357685488 0.001 378
1741357685720 0.001 379
1741357685951 0.001 380
1741357686186 0.001 381
1741357686413 0.001 382
1741357686644 0.001 383
1741357686894 0.001 384
