1741357469965 93.0 0
1741357470328 93.7 1
1741357470583 93.7 2
1741357470834 93.7 3
1741357471065 93.7 4
1741357471298 93.7 5
1741357471532 93.7 6
1741357471765 93.7 7
1741357472004 93.7 8
1741357472237 93.7 9
1741357472466 93.7 10
1741357472700 93.7 11
1741357472967 93.7 12
1741357473200 93.7 13
1741357473425 93.7 14
1741357473659 93.7 15
1741357473892 93.7 16
1741357474125 93.7 17
1741357474356 93.7 18
1741357474591 93.7 19
1741357474834 93.7 20
1741357475071 93.6 21
1741357475303 93.6 22
1741357475532 93.6 23
1741357475765 93.6 24
1741357476004 93.9 25
1741357476262 94.0 26
1741357476502 94.3 27
1741357476732 94.3 28
1741357477006 94.3 29
1741357477239 94.3 30
1741357477470 94.3 31
1741357477705 94.3 32
1741357477944 94.3 33
1741357478177 94.3 34
1741357478419 94.3 35
1741357478654 94.3 36
1741357478888 94.2 37
1741357479121 94.2 38
1741357479352 94.2 39
1741357479591 94.2 40
1741357479819 94.2 41
1741357480058 94.2 42
1741357480289 94.2 43
1741357480519 94.2 44
1741357480835 94.1 45
1741357481083 94.1 46
1741357481317 94.1 47
1741357481555 94.1 48
1741357481786 94.1 49
1741357482025 94.1 50
1741357482264 94.1 51
1741357482497 94.1 52
1741357482740 94.1 53
1741357482973 94.1 54
1741357483197 94.1 55
1741357483433 94.1 56
1741357483670 94.1 57
1741357483910 94.1 58
1741357484141 94.1 59
1741357484373 94.1 60
1741357484611 94.1 61
1741357484855 94.1 62
1741357485091 94.1 63
1741357485324 94.0 64
1741357485563 94.0 65
1741357485799 94.0 66
1741357486028 94.0 67
1741357486260 94.0 68
1741357486494 94.0 69
1741357486725 94.0 70
1741357486964 94.0 71
1741357487222 94.0 72
1741357487457 94.0 73
1741357487686 94.0 74
1741357487915 94.0 75
1741357488158 94.0 76
1741357488396 94.0 77
1741357488631 94.0 78
1741357488863 94.0 79
1741357489099 94.0 80
1741357489338 94.0 81
1741357489562 94.0 82
1741357489789 94.0 83
1741357490011 94.0 84
1741357490247 94.0 85
1741357490484 94.0 86
1741357490724 93.9 87
1741357490959 93.9 88
1741357491190 93.9 89
1741357491424 93.9 90
1741357491648 93.9 91
1741357491875 93.9 92
1741357492109 93.9 93
1741357492345 93.9 94
1741357492575 93.9 95
1741357492804 93.9 96
1741357493034 93.9 97
1741357493261 93.9 98
1741357493492 93.9 99
1741357493722 93.9 100
1741357493967 93.9 101
1741357494198 93.9 102
1741357494425 93.9 103
1741357494651 93.9 104
1741357495156 93.3 105
1741357495424 93.3 106
1741357495665 93.3 107
1741357495916 93.3 108
1741357496155 93.3 109
1741357496390 93.3 110
1741357496618 93.3 111
1741357496851 93.3 112
1741357497106 93.3 113
1741357497343 93.3 114
1741357497583 93.3 115
1741357497828 93.2 116
1741357498083 93.2 117
1741357498310 93.2 118
1741357498541 93.2 119
1741357498771 93.2 120
1741357499018 93.2 121
1741357499256 93.2 122
1741357499504 93.2 123
1741357499737 93.2 124
1741357499970 93.2 125
1741357500204 93.2 126
1741357500449 93.2 127
1741357500694 93.2 128
1741357500927 93.2 129
1741357501163 93.2 130
1741357501399 93.2 131
1741357501634 93.2 132
1741357501879 93.2 133
1741357502130 93.2 134
1741357502381 93.2 135
1741357502624 93.4 136
1741357502855 93.4 137
1741357503091 93.4 138
1741357503336 93.4 139
1741357503586 93.4 140
1741357503831 93.4 141
1741357504073 93.4 142
1741357504320 93.4 143
1741357504554 93.4 144
1741357504808 93.6 145
1741357505043 93.7 146
1741357505286 93.9 147
1741357505530 93.9 148
1741357505770 93.9 149
1741357506005 93.9 150
1741357506241 93.9 151
1741357506481 93.9 152
1741357506722 93.9 153
1741357506959 93.9 154
1741357507196 93.9 155
1741357507424 93.9 156
1741357507650 93.9 157
1741357507900 93.8 158
1741357508138 93.8 159
1741357508383 93.9 160
1741357508633 94.1 161
1741357508866 94.1 162
1741357509098 94.1 163
1741357509332 94.1 164
1741357509576 94.1 165
1741357509804 94.1 166
1741357510045 94.1 167
1741357510272 94.2 168
1741357510507 94.2 169
1741357510746 94.1 170
1741357510977 94.1 171
1741357511207 94.1 172
1741357511437 94.1 173
1741357511666 94.1 174
1741357511900 94.1 175
1741357512131 94.1 176
1741357512370 94.1 177
1741357512603 94.1 178
1741357512833 94.1 179
1741357513067 94.1 180
1741357513299 94.1 181
1741357513528 94.1 182
1741357513759 94.1 183
1741357514003 94.1 184
1741357514244 94.1 185
1741357514500 94.1 186
1741357514731 94.1 187
1741357514958 94.1 188
1741357515195 94.1 189
1741357515434 94.1 190
1741357515673 94.1 191
1741357515899 94.1 192
1741357516123 94.1 193
1741357516356 94.1 194
1741357516594 94.1 195
1741357516823 94.1 196
1741357517075 94.1 197
1741357517322 94.1 198
1741357517550 94.1 199
1741357517782 94.1 200
1741357518012 94.1 201
1741357518249 94.1 202
1741357518492 94.1 203
1741357518727 94.1 204
1741357518991 94.1 205
1741357519237 94.1 206
1741357519488 94.1 207
1741357519721 94.1 208
1741357519977 94.3 209
1741357520217 94.3 210
1741357520462 94.3 211
1741357520696 94.3 212
1741357520940 94.3 213
1741357521291 95.3 214
1741357521573 95.5 215
1741357521820 95.5 216
1741357522064 95.6 217
1741357522310 95.6 218
1741357522566 95.6 219
1741357522853 96.0 220
1741357523098 96.0 221
1741357523336 96.2 222
1741357523621 96.3 223
1741357523895 96.5 224
1741357524181 96.4 225
1741357524464 96.2 226
1741357524705 96.2 227
1741357524940 96.2 228
1741357525190 96.2 229
1741357525427 96.2 230
1741357525660 96.2 231
1741357525892 96.2 232
1741357526154 96.2 233
1741357526396 96.2 234
1741357526634 96.2 235
1741357526869 96.1 236
1741357527106 96.1 237
1741357527347 96.1 238
1741357527577 96.1 239
1741357527811 96.1 240
1741357528045 96.1 241
1741357528283 96.1 242
1741357528539 96.1 243
1741357528803 96.1 244
1741357529051 96.1 245
1741357529278 96.1 246
1741357529512 96.1 247
1741357529749 96.1 248
1741357530048 96.1 249
1741357530299 96.1 250
1741357530542 96.0 251
1741357530783 96.0 252
1741357531019 96.0 253
1741357531261 96.0 254
1741357531560 96.0 255
1741357531806 96.0 256
1741357532051 96.0 257
1741357532287 96.0 258
1741357532521 96.0 259
1741357532764 96.0 260
1741357533006 96.0 261
1741357533238 96.0 262
1741357533473 96.0 263
1741357533728 96.0 264
1741357533961 95.9 265
1741357534196 95.9 266
1741357534436 95.9 267
1741357534668 95.9 268
1741357534911 95.9 269
1741357535212 95.9 270
1741357535437 95.9 271
1741357535670 95.9 272
1741357535905 95.9 273
1741357536137 95.9 274
1741357536378 95.9 275
1741357536622 95.9 276
1741357536939 95.9 277
1741357537205 95.9 278
1741357537436 95.9 279
1741357537699 95.9 280
1741357537972 95.8 281
1741357538308 96.0 282
1741357538593 96.0 283
1741357538836 96.0 284
1741357539085 96.1 285
1741357539328 96.1 286
1741357539573 96.1 287
1741357539806 96.1 288
1741357540041 96.1 289
1741357540270 96.1 290
1741357540505 96.1 291
1741357540744 96.1 292
1741357541003 96.1 293
1741357541245 96.1 294
1741357541515 96.1 295
1741357541760 96.1 296
1741357541996 96.1 297
1741357542244 96.1 298
1741357542484 96.1 299
1741357542720 96.1 300
1741357542953 96.1 301
1741357543194 96.0 302
1741357543435 96.0 303
1741357543677 96.0 304
1741357543921 96.0 305
1741357544168 96.0 306
1741357544401 96.0 307
1741357544636 96.0 308
1741357544876 96.0 309
1741357545171 95.9 310
1741357545420 95.9 311
1741357545665 95.8 312
1741357545926 95.8 313
1741357546198 95.8 314
1741357546461 95.8 315
1741357546695 95.8 316
1741357546935 95.8 317
1741357547173 95.8 318
1741357547414 95.8 319
1741357547653 95.8 320
1741357547894 95.8 321
1741357548173 95.8 322
1741357548477 95.8 323
1741357548724 95.8 324
1741357548966 95.8 325
1741357549207 95.8 326
1741357549459 95.8 327
1741357549696 95.8 328
1741357549953 95.8 329
1741357550211 95.8 330
1741357550448 95.8 331
1741357550695 95.8 332
1741357550985 95.8 333
1741357551229 95.8 334
1741357551467 95.8 335
1741357551712 95.8 336
1741357551954 95.7 337
1741357552194 95.7 338
1741357552441 95.7 339
1741357552675 95.7 340
1741357552911 95.7 341
1741357553148 95.7 342
1741357553387 95.7 343
1741357553638 95.7 344
1741357553876 95.7 345
1741357554110 95.7 346
1741357554363 95.7 347
1741357554604 95.7 348
1741357555117 95.3 349
1741357555390 95.3 350
1741357555632 95.3 351
1741357679086 94.8 352
1741357679363 94.8 353
1741357679629 94.8 354
1741357679872 94.7 355
1741357680112 94.7 356
1741357680349 94.7 357
1741357680616 94.7 358
1741357680870 94.7 359
1741357681143 94.7 360
1741357681378 94.7 361
1741357681608 94.7 362
1741357681847 94.7 363
1741357682083 94.7 364
1741357682326 94.7 365
1741357682579 94.7 366
1741357682831 94.7 367
1741357683074 94.7 368
1741357683314 94.7 369
1741357683548 94.7 370
1741357683792 94.7 371
1741357684029 94.7 372
1741357684272 94.7 373
1741357684518 94.7 374
1741357684770 94.7 375
1741357685010 94.7 376
1741357685256 94.7 377
1741357685491 94.7 378
1741357685723 94.7 379
1741357685954 94.7 380
1741357686188 94.7 381
1741357686415 94.7 382
1741357686647 94.7 383
1741357686896 94.7 384
