1741357469965 37.8 0
1741357470328 0.0 1
1741357470583 0.0 2
1741357470834 0.0 3
1741357471065 77.8 4
1741357471298 75.0 5
1741357471532 85.7 6
1741357471765 0.0 7
1741357472004 0.0 8
1741357472237 66.7 9
1741357472466 50.0 10
1741357472700 66.7 11
1741357472967 80.0 12
1741357473200 0.0 13
1741357473425 90.0 14
1741357473659 50.0 15
1741357473892 75.0 16
1741357474125 40.0 17
1741357474356 0.0 18
1741357474591 75.0 19
1741357474834 71.4 20
1741357475071 0.0 21
1741357475303 0.0 22
1741357475532 75.0 23
1741357475765 87.5 24
1741357476004 60.0 25
1741357476262 0.0 26
1741357476502 0.0 27
1741357476732 100.0 28
1741357477006 62.5 29
1741357477239 60.0 30
1741357477470 0.0 31
1741357477705 88.9 32
1741357477944 72.7 33
1741357478177 77.8 34
1741357478419 0.0 35
1741357478654 0.0 36
1741357478888 77.8 37
1741357479121 100.0 38
1741357479352 0.0 39
1741357479591 0.0 40
1741357479819 0.0 41
1741357480058 95.2 42
1741357480289 50.0 43
1741357480519 50.0 44
1741357480835 0.0 45
1741357481083 100.0 46
1741357481317 88.9 47
1741357481555 0.0 48
1741357481786 0.0 49
1741357482025 0.0 50
1741357482264 57.1 51
1741357482497 66.7 52
1741357482740 66.7 53
1741357482973 75.0 54
1741357483197 0.0 55
1741357483433 88.9 56
1741357483670 85.7 57
1741357483910 87.5 58
1741357484141 0.0 59
1741357484373 77.7 60
1741357484611 80.0 61
1741357484855 80.0 62
1741357485091 100.0 63
1741357485324 0.0 64
1741357485563 0.0 65
1741357485799 0.0 66
1741357486028 0.0 67
1741357486260 0.0 68
1741357486494 0.0 69
1741357486725 100.0 70
1741357486964 88.9 71
1741357487222 0.0 72
1741357487457 0.0 73
1741357487686 0.0 74
1741357487915 70.0 75
1741357488158 88.9 76
1741357488396 0.0 77
1741357488631 0.0 78
1741357488863 0.0 79
1741357489099 91.7 80
1741357489338 71.4 81
1741357489562 77.8 82
1741357489789 0.0 83
1741357490011 0.0 84
1741357490247 50.0 85
1741357490484 87.5 86
1741357490724 0.0 87
1741357490959 0.0 88
1741357491190 0.0 89
1741357491424 71.4 90
1741357491648 0.0 91
1741357491875 0.0 92
1741357492109 0.0 93
1741357492345 0.0 94
1741357492575 71.4 95
1741357492804 100.0 96
1741357493034 0.0 97
1741357493261 0.0 98
1741357493492 0.0 99
1741357493722 66.7 100
1741357493967 83.3 101
1741357494198 60.0 102
1741357494425 0.0 103
1741357494651 91.7 104
1741357495156 92.3 105
1741357495424 89.3 106
1741357495665 66.7 107
1741357495916 71.4 108
1741357496155 63.6 109
1741357496390 0.0 110
1741357496618 0.0 111
1741357496851 70.0 112
1741357497106 75.0 113
1741357497343 0.0 114
1741357497583 0.0 115
1741357497828 0.0 116
1741357498083 75.0 117
1741357498310 71.4 118
1741357498541 0.0 119
1741357498771 0.0 120
1741357499018 0.0 121
1741357499256 75.0 122
1741357499504 87.5 123
1741357499737 0.0 124
1741357499970 0.0 125
1741357500204 0.0 126
1741357500449 80.0 127
1741357500694 100.0 128
1741357500927 0.0 129
1741357501163 0.0 130
1741357501399 0.0 131
1741357501634 88.9 132
1741357501879 100.0 133
1741357502130 0.0 134
1741357502381 0.0 135
1741357502624 0.0 136
1741357502855 81.8 137
1741357503091 100.0 138
1741357503336 0.0 139
1741357503586 0.0 140
1741357503831 0.0 141
1741357504073 83.3 142
1741357504320 0.0 143
1741357504554 0.0 144
1741357504808 0.0 145
1741357505043 75.0 146
1741357505286 55.6 147
1741357505530 0.0 148
1741357505770 0.0 149
1741357506005 0.0 150
1741357506241 100.0 151
1741357506481 0.0 152
1741357506722 0.0 153
1741357506959 0.0 154
1741357507196 77.8 155
1741357507424 80.0 156
1741357507650 60.0 157
1741357507900 0.0 158
1741357508138 0.0 159
1741357508383 70.0 160
1741357508633 66.7 161
1741357508866 0.0 162
1741357509098 0.0 163
1741357509332 0.0 164
1741357509576 77.8 165
1741357509804 100.0 166
1741357510045 0.0 167
1741357510272 0.0 168
1741357510507 0.0 169
1741357510746 87.5 170
1741357510977 72.7 171
1741357511207 80.0 172
1741357511437 0.0 173
1741357511666 0.0 174
1741357511900 100.0 175
1741357512131 0.0 176
1741357512370 0.0 177
1741357512603 0.0 178
1741357512833 0.0 179
1741357513067 77.8 180
1741357513299 80.0 181
1741357513528 60.0 182
1741357513759 100.0 183
1741357514003 0.0 184
1741357514244 70.0 185
1741357514500 0.0 186
1741357514731 0.0 187
1741357514958 0.0 188
1741357515195 100.0 189
1741357515434 0.0 190
1741357515673 0.0 191
1741357515899 0.0 192
1741357516123 0.0 193
1741357516356 0.0 194
1741357516594 0.0 195
1741357516823 0.0 196
1741357517075 0.0 197
1741357517322 71.4 198
1741357517550 83.3 199
1741357517782 100.0 200
1741357518012 0.0 201
1741357518249 0.0 202
1741357518492 100.0 203
1741357518727 71.4 204
1741357518991 0.0 205
1741357519237 0.0 206
1741357519488 82.0 207
1741357519721 0.0 208
1741357519977 0.0 209
1741357520217 0.0 210
1741357520462 0.0 211
1741357520696 75.0 212
1741357520940 83.3 213
1741357521291 85.7 214
1741357521573 0.0 215
1741357521820 71.4 216
1741357522064 75.0 217
1741357522310 76.9 218
1741357522566 0.0 219
1741357522853 83.3 220
1741357523098 66.7 221
1741357523336 0.0 222
1741357523621 0.0 223
1741357523895 75.0 224
1741357524181 62.5 225
1741357524464 85.7 226
1741357524705 0.0 227
1741357524940 75.0 228
1741357525190 69.2 229
1741357525427 66.7 230
1741357525660 0.0 231
1741357525892 0.0 232
1741357526154 90.9 233
1741357526396 70.0 234
1741357526634 80.0 235
1741357526869 55.6 236
1741357527106 0.0 237
1741357527347 42.9 238
1741357527577 0.0 239
1741357527811 0.0 240
1741357528045 0.0 241
1741357528283 0.0 242
1741357528539 92.3 243
1741357528803 72.7 244
1741357529051 77.8 245
1741357529278 66.7 246
1741357529512 0.0 247
1741357529749 62.5 248
1741357530048 75.0 249
1741357530299 0.0 250
1741357530542 0.0 251
1741357530783 77.8 252
1741357531019 85.7 253
1741357531261 100.0 254
1741357531560 0.0 255
1741357531806 71.4 256
1741357532051 83.3 257
1741357532287 0.0 258
1741357532521 0.0 259
1741357532764 0.0 260
1741357533006 81.8 261
1741357533238 83.3 262
1741357533473 90.0 263
1741357533728 0.0 264
1741357533961 75.0 265
1741357534196 83.3 266
1741357534436 71.4 267
1741357534668 0.0 268
1741357534911 0.0 269
1741357535212 88.9 270
1741357535437 87.5 271
1741357535670 0.0 272
1741357535905 0.0 273
1741357536137 0.0 274
1741357536378 83.3 275
1741357536622 88.2 276
1741357536939 0.0 277
1741357537205 0.0 278
1741357537436 75.0 279
1741357537699 75.0 280
1741357537972 0.0 281
1741357538308 0.0 282
1741357538593 88.9 283
1741357538836 77.8 284
1741357539085 80.0 285
1741357539328 0.0 286
1741357539573 0.0 287
1741357539806 87.5 288
1741357540041 0.0 289
1741357540270 0.0 290
1741357540505 0.0 291
1741357540744 75.0 292
1741357541003 0.0 293
1741357541245 0.0 294
1741357541515 0.0 295
1741357541760 71.4 296
1741357541996 72.7 297
1741357542244 0.0 298
1741357542484 0.0 299
1741357542720 0.0 300
1741357542953 77.8 301
1741357543194 80.0 302
1741357543435 0.0 303
1741357543677 0.0 304
1741357543921 0.0 305
1741357544168 83.3 306
1741357544401 71.4 307
1741357544636 0.0 308
1741357544876 0.0 309
1741357545171 90.0 310
1741357545420 0.0 311
1741357545665 0.0 312
1741357545926 0.0 313
1741357546198 80.0 314
1741357546461 83.3 315
1741357546695 90.9 316
1741357546935 90.9 317
1741357547173 0.0 318
1741357547414 81.8 319
1741357547653 0.0 320
1741357547894 0.0 321
1741357548173 0.0 322
1741357548477 60.0 323
1741357548724 85.7 324
1741357548966 0.0 325
1741357549207 0.0 326
1741357549459 0.0 327
1741357549696 0.0 328
1741357549953 0.0 329
1741357550211 0.0 330
1741357550448 0.0 331
1741357550695 88.9 332
1741357550985 0.0 333
1741357551229 0.0 334
1741357551467 0.0 335
1741357551712 83.3 336
1741357551954 85.7 337
1741357552194 100.0 338
1741357552441 0.0 339
1741357552675 0.0 340
1741357552911 75.0 341
1741357553148 100.0 342
1741357553387 100.0 343
1741357553638 0.0 344
1741357553876 0.0 345
1741357554110 72.7 346
1741357554363 57.1 347
1741357554604 0.0 348
1741357555117 88.2 349
1741357555390 81.8 350
1741357555632 66.7 351
1741357679086 30.5 352
1741357679363 72.7 353
1741357679629 0.0 354
1741357679872 70.0 355
1741357680112 80.0 356
1741357680349 62.5 357
1741357680616 71.4 358
1741357680870 80.4 359
1741357681143 85.7 360
1741357681378 70.0 361
1741357681608 0.0 362
1741357681847 0.0 363
1741357682083 71.4 364
1741357682326 62.5 365
1741357682579 0.0 366
1741357682831 0.0 367
1741357683074 0.0 368
1741357683314 75.0 369
1741357683548 100.0 370
1741357683792 70.0 371
1741357684029 0.0 372
1741357684272 0.0 373
1741357684518 100.0 374
1741357684770 62.5 375
1741357685010 0.0 376
1741357685256 0.0 377
1741357685491 0.0 378
1741357685723 0.0 379
1741357685954 0.0 380
1741357686188 0.0 381
1741357686415 0.0 382
1741357686647 60.0 383
1741357686896 60.0 384
