1741357469965 84.3 0
1741357470328 83.6 1
1741357470583 83.6 2
1741357470834 83.6 3
1741357471065 84.0 4
1741357471298 84.0 5
1741357471532 84.0 6
1741357471765 84.0 7
1741357472004 84.0 8
1741357472237 83.9 9
1741357472466 83.9 10
1741357472700 83.9 11
1741357472967 83.9 12
1741357473200 83.9 13
1741357473425 84.0 14
1741357473659 84.0 15
1741357473892 84.0 16
1741357474125 84.0 17
1741357474356 84.0 18
1741357474591 84.2 19
1741357474834 84.2 20
1741357475071 84.2 21
1741357475303 84.2 22
1741357475532 84.1 23
1741357475765 84.1 24
1741357476004 84.3 25
1741357476262 84.3 26
1741357476502 84.3 27
1741357476732 84.3 28
1741357477006 84.3 29
1741357477239 84.3 30
1741357477470 84.3 31
1741357477705 83.8 32
1741357477944 83.6 33
1741357478177 83.6 34
1741357478419 83.6 35
1741357478654 83.6 36
1741357478888 84.1 37
1741357479121 84.1 38
1741357479352 84.1 39
1741357479591 84.1 40
1741357479819 84.1 41
1741357480058 83.8 42
1741357480289 83.8 43
1741357480519 83.8 44
1741357480835 83.8 45
1741357481083 83.6 46
1741357481317 83.6 47
1741357481555 83.6 48
1741357481786 83.6 49
1741357482025 83.6 50
1741357482264 83.5 51
1741357482497 83.6 52
1741357482740 83.6 53
1741357482973 83.6 54
1741357483197 83.6 55
1741357483433 83.6 56
1741357483670 83.8 57
1741357483910 84.0 58
1741357484141 84.0 59
1741357484373 84.0 60
1741357484611 84.0 61
1741357484855 84.0 62
1741357485091 84.0 63
1741357485324 84.0 64
1741357485563 84.0 65
1741357485799 83.9 66
1741357486028 83.9 67
1741357486260 83.9 68
1741357486494 83.9 69
1741357486725 83.9 70
1741357486964 83.9 71
1741357487222 83.9 72
1741357487457 83.9 73
1741357487686 83.9 74
1741357487915 83.3 75
1741357488158 83.3 76
1741357488396 83.3 77
1741357488631 83.3 78
1741357488863 83.3 79
1741357489099 83.4 80
1741357489338 83.4 81
1741357489562 83.4 82
1741357489789 83.4 83
1741357490011 83.4 84
1741357490247 83.3 85
1741357490484 83.3 86
1741357490724 83.3 87
1741357490959 83.3 88
1741357491190 83.3 89
1741357491424 83.4 90
1741357491648 83.4 91
1741357491875 83.4 92
1741357492109 83.4 93
1741357492345 83.4 94
1741357492575 83.3 95
1741357492804 83.3 96
1741357493034 83.3 97
1741357493261 83.3 98
1741357493492 83.3 99
1741357493722 83.2 100
1741357493967 83.7 101
1741357494198 83.7 102
1741357494425 83.7 103
1741357494651 83.5 104
1741357495156 83.2 105
1741357495424 83.2 106
1741357495665 83.0 107
1741357495916 83.6 108
1741357496155 83.6 109
1741357496390 83.6 110
1741357496618 83.6 111
1741357496851 83.6 112
1741357497106 83.6 113
1741357497343 83.6 114
1741357497583 83.6 115
1741357497828 83.6 116
1741357498083 83.5 117
1741357498310 83.5 118
1741357498541 83.5 119
1741357498771 83.5 120
1741357499018 83.5 121
1741357499256 83.6 122
1741357499504 83.7 123
1741357499737 83.7 124
1741357499970 83.7 125
1741357500204 83.7 126
1741357500449 83.8 127
1741357500694 83.9 128
1741357500927 83.9 129
1741357501163 83.9 130
1741357501399 83.9 131
1741357501634 84.2 132
1741357501879 84.3 133
1741357502130 84.3 134
1741357502381 84.3 135
1741357502624 84.3 136
1741357502855 84.0 137
1741357503091 84.0 138
1741357503336 84.0 139
1741357503586 84.0 140
1741357503831 84.0 141
1741357504073 84.0 142
1741357504320 83.9 143
1741357504554 83.9 144
1741357504808 83.9 145
1741357505043 84.2 146
1741357505286 84.3 147
1741357505530 84.3 148
1741357505770 84.3 149
1741357506005 84.3 150
1741357506241 84.3 151
1741357506481 83.9 152
1741357506722 83.9 153
1741357506959 83.9 154
1741357507196 84.0 155
1741357507424 83.9 156
1741357507650 83.9 157
1741357507900 83.9 158
1741357508138 83.9 159
1741357508383 84.3 160
1741357508633 84.3 161
1741357508866 84.3 162
1741357509098 84.3 163
1741357509332 84.3 164
1741357509576 84.2 165
1741357509804 84.0 166
1741357510045 84.3 167
1741357510272 84.3 168
1741357510507 84.3 169
1741357510746 83.8 170
1741357510977 83.8 171
1741357511207 83.8 172
1741357511437 83.8 173
1741357511666 83.8 174
1741357511900 83.4 175
1741357512131 83.3 176
1741357512370 83.3 177
1741357512603 83.3 178
1741357512833 83.3 179
1741357513067 84.1 180
1741357513299 84.1 181
1741357513528 84.1 182
1741357513759 84.1 183
1741357514003 84.1 184
1741357514244 84.5 185
1741357514500 84.2 186
1741357514731 84.2 187
1741357514958 84.2 188
1741357515195 84.2 189
1741357515434 83.9 190
1741357515673 83.9 191
1741357515899 83.9 192
1741357516123 83.9 193
1741357516356 83.4 194
1741357516594 83.4 195
1741357516823 83.4 196
1741357517075 83.4 197
1741357517322 83.9 198
1741357517550 83.9 199
1741357517782 83.9 200
1741357518012 83.9 201
1741357518249 83.9 202
1741357518492 83.6 203
1741357518727 83.7 204
1741357518991 83.7 205
1741357519237 83.7 206
1741357519488 83.8 207
1741357519721 83.8 208
1741357519977 84.6 209
1741357520217 84.6 210
1741357520462 84.6 211
1741357520696 84.5 212
1741357520940 84.5 213
1741357521291 84.6 214
1741357521573 84.6 215
1741357521820 84.8 216
1741357522064 84.8 217
1741357522310 84.8 218
1741357522566 84.8 219
1741357522853 85.1 220
1741357523098 85.1 221
1741357523336 85.1 222
1741357523621 85.1 223
1741357523895 84.9 224
1741357524181 84.0 225
1741357524464 84.0 226
1741357524705 84.0 227
1741357524940 83.2 228
1741357525190 83.2 229
1741357525427 83.2 230
1741357525660 83.2 231
1741357525892 83.2 232
1741357526154 82.6 233
1741357526396 82.4 234
1741357526634 82.4 235
1741357526869 82.4 236
1741357527106 82.4 237
1741357527347 82.1 238
1741357527577 82.1 239
1741357527811 82.1 240
1741357528045 82.1 241
1741357528283 82.1 242
1741357528539 82.4 243
1741357528803 82.5 244
1741357529051 82.6 245
1741357529278 82.6 246
1741357529512 82.6 247
1741357529749 82.5 248
1741357530048 82.5 249
1741357530299 82.5 250
1741357530542 82.5 251
1741357530783 82.0 252
1741357531019 82.0 253
1741357531261 82.0 254
1741357531560 82.0 255
1741357531806 82.1 256
1741357532051 82.1 257
1741357532287 82.1 258
1741357532521 82.1 259
1741357532764 82.1 260
1741357533006 82.1 261
1741357533238 82.0 262
1741357533473 82.0 263
1741357533728 82.0 264
1741357533961 81.9 265
1741357534196 81.9 266
1741357534436 81.9 267
1741357534668 81.9 268
1741357534911 81.9 269
1741357535212 82.0 270
1741357535437 82.0 271
1741357535670 82.0 272
1741357535905 82.0 273
1741357536137 82.0 274
1741357536378 81.8 275
1741357536622 81.9 276
1741357536939 81.9 277
1741357537205 81.9 278
1741357537436 83.9 279
1741357537699 83.8 280
1741357537972 83.8 281
1741357538308 83.8 282
1741357538593 84.7 283
1741357538836 84.8 284
1741357539085 84.8 285
1741357539328 84.8 286
1741357539573 84.8 287
1741357539806 83.2 288
1741357540041 83.2 289
1741357540270 83.2 290
1741357540505 83.2 291
1741357540744 83.0 292
1741357541003 83.0 293
1741357541245 83.0 294
1741357541515 83.0 295
1741357541760 82.6 296
1741357541996 82.7 297
1741357542244 82.7 298
1741357542484 82.7 299
1741357542720 82.7 300
1741357542953 82.5 301
1741357543194 82.6 302
1741357543435 82.6 303
1741357543677 82.6 304
1741357543921 82.6 305
1741357544168 82.6 306
1741357544401 82.5 307
1741357544636 82.5 308
1741357544876 82.5 309
1741357545171 83.2 310
1741357545420 83.2 311
1741357545665 83.2 312
1741357545926 83.2 313
1741357546198 83.6 314
1741357546461 83.6 315
1741357546695 83.6 316
1741357546935 83.6 317
1741357547173 83.6 318
1741357547414 83.0 319
1741357547653 82.9 320
1741357547894 82.9 321
1741357548173 82.9 322
1741357548477 83.6 323
1741357548724 83.6 324
1741357548966 83.6 325
1741357549207 83.6 326
1741357549459 83.6 327
1741357549696 83.0 328
1741357549953 82.9 329
1741357550211 82.9 330
1741357550448 82.9 331
1741357550695 82.7 332
1741357550985 83.0 333
1741357551229 83.0 334
1741357551467 83.0 335
1741357551712 82.9 336
1741357551954 82.9 337
1741357552194 82.9 338
1741357552441 82.9 339
1741357552675 82.9 340
1741357552911 83.0 341
1741357553148 83.0 342
1741357553387 83.0 343
1741357553638 83.0 344
1741357553876 83.0 345
1741357554110 82.4 346
1741357554363 82.7 347
1741357554604 82.7 348
1741357555117 81.8 349
1741357555390 81.6 350
1741357555632 81.5 351
1741357679086 83.5 352
1741357679363 83.5 353
1741357679629 83.5 354
1741357679872 83.6 355
1741357680112 83.6 356
1741357680349 83.6 357
1741357680616 83.6 358
1741357680870 83.8 359
1741357681143 83.9 360
1741357681378 83.9 361
1741357681608 83.9 362
1741357681847 83.9 363
1741357682083 83.9 364
1741357682326 83.9 365
1741357682579 83.7 366
1741357682831 83.7 367
1741357683074 83.7 368
1741357683314 83.7 369
1741357683548 83.7 370
1741357683792 83.7 371
1741357684029 83.7 372
1741357684272 83.7 373
1741357684518 84.3 374
1741357684770 84.2 375
1741357685010 84.3 376
1741357685256 84.3 377
1741357685491 84.3 378
1741357685723 84.2 379
1741357685954 84.2 380
1741357686188 84.2 381
1741357686415 84.2 382
1741357686647 84.0 383
1741357686896 83.8 384
