1741357470315 93.7 0
1741357470573 93.7 1
1741357470827 93.7 2
1741357471058 93.7 3
1741357471292 93.7 4
1741357471524 93.7 5
1741357471759 93.7 6
1741357471997 93.7 7
1741357472231 93.7 8
1741357472460 93.7 9
1741357472694 93.7 10
1741357472960 93.7 11
1741357473194 93.7 12
1741357473418 93.7 13
1741357473653 93.7 14
1741357473885 93.7 15
1741357474118 93.7 16
1741357474349 93.7 17
1741357474585 93.7 18
1741357474827 93.7 19
1741357475065 93.6 20
1741357475296 93.6 21
1741357475526 93.6 22
1741357475758 93.6 23
1741357475997 93.9 24
1741357476252 94.0 25
1741357476496 94.3 26
1741357476725 94.3 27
1741357477000 94.3 28
1741357477230 94.3 29
1741357477463 94.3 30
1741357477698 94.3 31
1741357477938 94.3 32
1741357478170 94.3 33
1741357478412 94.3 34
1741357478647 94.3 35
1741357478881 94.2 36
1741357479115 94.2 37
1741357479346 94.2 38
1741357479584 94.2 39
1741357479813 94.2 40
1741357480043 94.2 41
1741357480282 94.2 42
1741357480513 94.2 43
1741357480827 94.1 44
1741357481076 94.1 45
1741357481310 94.1 46
1741357481548 94.1 47
1741357481779 94.1 48
1741357482018 94.1 49
1741357482257 94.1 50
1741357482490 94.1 51
1741357482733 94.1 52
1741357482967 94.1 53
1741357483191 94.1 54
1741357483426 94.1 55
1741357483664 94.1 56
1741357483904 94.1 57
1741357484134 94.1 58
1741357484367 94.1 59
1741357484604 94.1 60
1741357484848 94.1 61
1741357485085 94.1 62
1741357485317 94.0 63
1741357485555 94.0 64
1741357485792 94.0 65
1741357486022 94.0 66
1741357486254 94.0 67
1741357486487 94.0 68
1741357486718 94.0 69
1741357486957 94.0 70
1741357487215 94.0 71
1741357487450 94.0 72
1741357487680 94.0 73
1741357487908 94.0 74
1741357488151 94.0 75
1741357488389 94.0 76
1741357488624 94.0 77
1741357488857 94.0 78
1741357489092 94.0 79
1741357489331 94.0 80
1741357489555 94.0 81
1741357489783 94.0 82
1741357490005 94.0 83
1741357490240 94.0 84
1741357490478 94.0 85
1741357490717 93.9 86
1741357490952 93.9 87
1741357491184 93.9 88
1741357491418 93.9 89
1741357491642 93.9 90
1741357491869 93.9 91
1741357492102 93.9 92
1741357492339 93.9 93
1741357492569 93.9 94
1741357492797 93.9 95
1741357493027 93.9 96
1741357493255 93.9 97
1741357493485 93.9 98
1741357493715 93.9 99
1741357493960 93.9 100
1741357494192 93.9 101
1741357494418 93.9 102
1741357494644 93.9 103
1741357495144 93.3 104
1741357495401 93.3 105
1741357495657 93.3 106
1741357495909 93.3 107
1741357496147 93.3 108
1741357496383 93.3 109
1741357496611 93.3 110
1741357496845 93.3 111
1741357497100 93.3 112
1741357497336 93.3 113
1741357497576 93.3 114
1741357497821 93.2 115
1741357498077 93.2 116
1741357498304 93.2 117
1741357498535 93.2 118
1741357498764 93.2 119
1741357499011 93.2 120
1741357499249 93.2 121
1741357499497 93.2 122
1741357499730 93.2 123
1741357499964 93.2 124
1741357500198 93.2 125
1741357500441 93.2 126
1741357500687 93.2 127
1741357500920 93.2 128
1741357501156 93.2 129
1741357501392 93.2 130
1741357501627 93.2 131
1741357501871 93.2 132
1741357502122 93.2 133
1741357502374 93.2 134
1741357502617 93.4 135
1741357502848 93.4 136
1741357503084 93.4 137
1741357503329 93.4 138
1741357503579 93.4 139
1741357503824 93.4 140
1741357504066 93.4 141
1741357504313 93.4 142
1741357504547 93.4 143
1741357504801 93.6 144
1741357505036 93.7 145
1741357505280 93.9 146
1741357505523 93.9 147
1741357505762 93.9 148
1741357505998 93.9 149
1741357506234 93.9 150
1741357506473 93.9 151
1741357506715 93.9 152
1741357506952 93.9 153
1741357507189 93.9 154
1741357507417 93.9 155
1741357507643 93.9 156
1741357507893 93.8 157
1741357508131 93.8 158
1741357508376 93.9 159
1741357508626 94.1 160
1741357508859 94.1 161
1741357509091 94.1 162
1741357509325 94.1 163
1741357509569 94.1 164
1741357509797 94.1 165
1741357510039 94.1 166
1741357510266 94.2 167
1741357510500 94.2 168
1741357510740 94.1 169
1741357510968 94.1 170
1741357511201 94.1 171
1741357511430 94.1 172
1741357511660 94.1 173
1741357511894 94.1 174
1741357512124 94.1 175
1741357512363 94.1 176
1741357512596 94.1 177
1741357512826 94.1 178
1741357513060 94.1 179
1741357513293 94.1 180
1741357513521 94.1 181
1741357513753 94.1 182
1741357513996 94.1 183
1741357514236 94.1 184
1741357514493 94.1 185
1741357514724 94.1 186
1741357514951 94.1 187
1741357515188 94.1 188
1741357515427 94.1 189
1741357515665 94.1 190
1741357515893 94.1 191
1741357516116 94.1 192
1741357516349 94.1 193
1741357516587 94.1 194
1741357516816 94.1 195
1741357517051 94.1 196
1741357517316 94.1 197
1741357517543 94.1 198
1741357517776 94.1 199
1741357518006 94.1 200
1741357518243 94.1 201
1741357518485 94.1 202
1741357518720 94.1 203
1741357518984 94.1 204
1741357519228 94.1 205
1741357519480 94.1 206
1741357519714 94.1 207
1741357519969 94.3 208
1741357520211 94.3 209
1741357520454 94.3 210
1741357520689 94.3 211
1741357520933 94.3 212
1741357521283 95.3 213
1741357521566 95.5 214
1741357521813 95.5 215
1741357522057 95.6 216
1741357522303 95.6 217
1741357522554 95.6 218
1741357522846 96.0 219
1741357523091 96.0 220
1741357523329 96.2 221
1741357523613 96.3 222
1741357523887 96.5 223
1741357524174 96.4 224
1741357524456 96.2 225
1741357524699 96.2 226
1741357524933 96.2 227
1741357525182 96.2 228
1741357525420 96.2 229
1741357525653 96.2 230
1741357525885 96.2 231
1741357526147 96.2 232
1741357526389 96.2 233
1741357526627 96.2 234
1741357526862 96.1 235
1741357527100 96.1 236
1741357527340 96.1 237
1741357527571 96.1 238
1741357527804 96.1 239
1741357528039 96.1 240
1741357528276 96.1 241
1741357528530 96.1 242
1741357528796 96.1 243
1741357529044 96.1 244
1741357529272 96.1 245
1741357529505 96.1 246
1741357529742 96.1 247
1741357529977 96.1 248
1741357530292 96.1 249
1741357530535 96.0 250
1741357530777 96.0 251
1741357531012 96.0 252
1741357531254 96.0 253
1741357531495 96.0 254
1741357531800 96.0 255
1741357532044 96.0 256
1741357532281 96.0 257
1741357532515 96.0 258
1741357532757 96.0 259
1741357532999 96.0 260
1741357533232 96.0 261
1741357533466 96.0 262
1741357533721 96.0 263
1741357533954 95.9 264
1741357534189 95.9 265
1741357534429 95.9 266
1741357534661 95.9 267
1741357534905 95.9 268
1741357535204 95.9 269
1741357535431 95.9 270
1741357535662 95.9 271
1741357535898 95.9 272
1741357536130 95.9 273
1741357536371 95.9 274
1741357536610 95.9 275
1741357536924 95.9 276
1741357537197 95.9 277
1741357537430 95.9 278
1741357537692 95.9 279
1741357537957 95.8 280
1741357538287 95.8 281
1741357538586 96.0 282
1741357538828 96.0 283
1741357539077 96.1 284
1741357539321 96.1 285
1741357539566 96.1 286
1741357539800 96.1 287
1741357540034 96.1 288
1741357540263 96.1 289
1741357540497 96.1 290
1741357540737 96.1 291
1741357540996 96.1 292
1741357541238 96.1 293
1741357541508 96.1 294
1741357541753 96.1 295
1741357541989 96.1 296
1741357542238 96.1 297
1741357542477 96.1 298
1741357542713 96.1 299
1741357542947 96.1 300
1741357543187 96.0 301
1741357543429 96.0 302
1741357543670 96.0 303
1741357543914 96.0 304
1741357544161 96.0 305
1741357544394 96.0 306
1741357544629 96.0 307
1741357544869 96.0 308
1741357545163 95.9 309
1741357545413 95.9 310
1741357545658 95.8 311
1741357545919 95.8 312
1741357546188 95.8 313
1741357546454 95.8 314
1741357546688 95.8 315
1741357546928 95.8 316
1741357547165 95.8 317
1741357547407 95.8 318
1741357547647 95.8 319
1741357547888 95.8 320
1741357548163 95.8 321
1741357548471 95.8 322
1741357548717 95.8 323
1741357548959 95.8 324
1741357549200 95.8 325
1741357549451 95.8 326
1741357549689 95.8 327
1741357549944 95.8 328
1741357550204 95.8 329
1741357550441 95.8 330
1741357550689 95.8 331
1741357550978 95.8 332
1741357551222 95.8 333
1741357551460 95.8 334
1741357551705 95.8 335
1741357551947 95.7 336
1741357552187 95.7 337
1741357552433 95.7 338
1741357552669 95.7 339
1741357552904 95.7 340
1741357553141 95.7 341
1741357553380 95.7 342
1741357553627 95.7 343
1741357553869 95.7 344
1741357554103 95.7 345
1741357554357 95.7 346
1741357554597 95.7 347
1741357555101 95.3 348
1741357555382 95.3 349
1741357555626 95.3 350
1741357555777 95.3 351
1741357679350 94.8 352
1741357679615 94.8 353
1741357679865 94.7 354
1741357680105 94.7 355
1741357680342 94.7 356
1741357680609 94.7 357
1741357680864 94.7 358
1741357681135 94.7 359
1741357681372 94.7 360
1741357681602 94.7 361
1741357681841 94.7 362
1741357682076 94.7 363
1741357682319 94.7 364
1741357682572 94.7 365
1741357682824 94.7 366
1741357683067 94.7 367
1741357683307 94.7 368
1741357683541 94.7 369
1741357683785 94.7 370
1741357684023 94.7 371
1741357684265 94.7 372
1741357684511 94.7 373
1741357684763 94.7 374
1741357685003 94.7 375
1741357685249 94.7 376
1741357685484 94.7 377
1741357685716 94.7 378
1741357685947 94.7 379
1741357686182 94.7 380
1741357686408 94.7 381
1741357686640 94.7 382
1741357686890 94.7 383
