1741357470315 83.6 0
1741357470573 83.6 1
1741357470827 83.6 2
1741357471058 84.0 3
1741357471292 84.0 4
1741357471524 84.0 5
1741357471759 84.0 6
1741357471997 84.0 7
1741357472231 83.9 8
1741357472460 83.9 9
1741357472694 83.9 10
1741357472960 83.9 11
1741357473194 83.9 12
1741357473418 84.0 13
1741357473653 84.0 14
1741357473885 84.0 15
1741357474118 84.0 16
1741357474349 84.0 17
1741357474585 84.2 18
1741357474827 84.2 19
1741357475065 84.2 20
1741357475296 84.2 21
1741357475526 84.1 22
1741357475758 84.1 23
1741357475997 84.3 24
1741357476252 84.3 25
1741357476496 84.3 26
1741357476725 84.3 27
1741357477000 84.3 28
1741357477230 84.3 29
1741357477463 84.3 30
1741357477698 83.8 31
1741357477938 83.6 32
1741357478170 83.6 33
1741357478412 83.6 34
1741357478647 83.6 35
1741357478881 84.1 36
1741357479115 84.1 37
1741357479346 84.1 38
1741357479584 84.1 39
1741357479813 84.1 40
1741357480043 83.9 41
1741357480282 83.8 42
1741357480513 83.8 43
1741357480827 83.8 44
1741357481076 83.6 45
1741357481310 83.6 46
1741357481548 83.6 47
1741357481779 83.6 48
1741357482018 83.6 49
1741357482257 83.5 50
1741357482490 83.6 51
1741357482733 83.6 52
1741357482967 83.6 53
1741357483191 83.6 54
1741357483426 83.8 55
1741357483664 83.8 56
1741357483904 84.0 57
1741357484134 84.0 58
1741357484367 84.0 59
1741357484604 84.0 60
1741357484848 84.1 61
1741357485085 84.0 62
1741357485317 84.0 63
1741357485555 84.0 64
1741357485792 84.0 65
1741357486022 83.9 66
1741357486254 83.9 67
1741357486487 83.9 68
1741357486718 83.9 69
1741357486957 83.9 70
1741357487215 83.9 71
1741357487450 83.9 72
1741357487680 83.9 73
1741357487908 83.3 74
1741357488151 83.3 75
1741357488389 83.3 76
1741357488624 83.3 77
1741357488857 83.3 78
1741357489092 83.4 79
1741357489331 83.4 80
1741357489555 83.4 81
1741357489783 83.4 82
1741357490005 83.4 83
1741357490240 83.3 84
1741357490478 83.3 85
1741357490717 83.3 86
1741357490952 83.3 87
1741357491184 83.3 88
1741357491418 83.4 89
1741357491642 83.4 90
1741357491869 83.4 91
1741357492102 83.4 92
1741357492339 83.4 93
1741357492569 83.3 94
1741357492797 83.3 95
1741357493027 83.3 96
1741357493255 83.3 97
1741357493485 83.3 98
1741357493715 83.2 99
1741357493960 83.7 100
1741357494192 83.7 101
1741357494418 83.7 102
1741357494644 83.5 103
1741357495144 83.2 104
1741357495401 83.2 105
1741357495657 83.0 106
1741357495909 83.5 107
1741357496147 83.6 108
1741357496383 83.6 109
1741357496611 83.6 110
1741357496845 83.6 111
1741357497100 83.6 112
1741357497336 83.6 113
1741357497576 83.6 114
1741357497821 83.6 115
1741357498077 83.5 116
1741357498304 83.5 117
1741357498535 83.5 118
1741357498764 83.5 119
1741357499011 83.5 120
1741357499249 83.6 121
1741357499497 83.7 122
1741357499730 83.7 123
1741357499964 83.7 124
1741357500198 83.7 125
1741357500441 83.9 126
1741357500687 83.9 127
1741357500920 83.9 128
1741357501156 83.9 129
1741357501392 83.9 130
1741357501627 84.2 131
1741357501871 84.3 132
1741357502122 84.3 133
1741357502374 84.3 134
1741357502617 84.3 135
1741357502848 84.0 136
1741357503084 84.0 137
1741357503329 84.0 138
1741357503579 84.0 139
1741357503824 84.0 140
1741357504066 84.0 141
1741357504313 83.9 142
1741357504547 83.9 143
1741357504801 83.9 144
1741357505036 84.2 145
1741357505280 84.3 146
1741357505523 84.3 147
1741357505762 84.3 148
1741357505998 84.3 149
1741357506234 84.3 150
1741357506473 83.9 151
1741357506715 83.9 152
1741357506952 83.9 153
1741357507189 84.1 154
1741357507417 83.9 155
1741357507643 83.9 156
1741357507893 83.9 157
1741357508131 83.9 158
1741357508376 84.3 159
1741357508626 84.3 160
1741357508859 84.3 161
1741357509091 84.3 162
1741357509325 84.3 163
1741357509569 84.3 164
1741357509797 84.1 165
1741357510039 84.3 166
1741357510266 84.3 167
1741357510500 84.3 168
1741357510740 83.8 169
1741357510968 83.8 170
1741357511201 83.8 171
1741357511430 83.8 172
1741357511660 83.8 173
1741357511894 83.4 174
1741357512124 83.3 175
1741357512363 83.3 176
1741357512596 83.3 177
1741357512826 83.3 178
1741357513060 84.1 179
1741357513293 84.1 180
1741357513521 84.1 181
1741357513753 84.1 182
1741357513996 84.1 183
1741357514236 84.2 184
1741357514493 84.3 185
1741357514724 84.2 186
1741357514951 84.2 187
1741357515188 84.2 188
1741357515427 83.9 189
1741357515665 83.9 190
1741357515893 83.9 191
1741357516116 83.9 192
1741357516349 83.4 193
1741357516587 83.4 194
1741357516816 83.4 195
1741357517051 83.4 196
1741357517316 83.9 197
1741357517543 83.9 198
1741357517776 83.9 199
1741357518006 83.9 200
1741357518243 83.9 201
1741357518485 83.6 202
1741357518720 83.7 203
1741357518984 83.7 204
1741357519228 83.7 205
1741357519480 83.7 206
1741357519714 83.8 207
1741357519969 84.6 208
1741357520211 84.6 209
1741357520454 84.6 210
1741357520689 84.5 211
1741357520933 84.5 212
1741357521283 84.6 213
1741357521566 84.6 214
1741357521813 84.8 215
1741357522057 84.8 216
1741357522303 84.8 217
1741357522554 84.8 218
1741357522846 85.1 219
1741357523091 85.1 220
1741357523329 85.1 221
1741357523613 85.1 222
1741357523887 84.9 223
1741357524174 84.0 224
1741357524456 84.0 225
1741357524699 84.0 226
1741357524933 83.2 227
1741357525182 83.2 228
1741357525420 83.2 229
1741357525653 83.2 230
1741357525885 83.2 231
1741357526147 82.6 232
1741357526389 82.5 233
1741357526627 82.4 234
1741357526862 82.4 235
1741357527100 82.4 236
1741357527340 82.2 237
1741357527571 82.1 238
1741357527804 82.1 239
1741357528039 82.1 240
1741357528276 82.1 241
1741357528530 82.3 242
1741357528796 82.5 243
1741357529044 82.6 244
1741357529272 82.6 245
1741357529505 82.6 246
1741357529742 82.5 247
1741357529977 82.5 248
1741357530292 82.5 249
1741357530535 82.5 250
1741357530777 82.0 251
1741357531012 82.0 252
1741357531254 82.0 253
1741357531495 82.0 254
1741357531800 82.1 255
1741357532044 82.1 256
1741357532281 82.1 257
1741357532515 82.1 258
1741357532757 82.1 259
1741357532999 82.1 260
1741357533232 82.0 261
1741357533466 82.0 262
1741357533721 82.0 263
1741357533954 81.9 264
1741357534189 81.9 265
1741357534429 81.9 266
1741357534661 81.9 267
1741357534905 81.9 268
1741357535204 82.0 269
1741357535431 82.0 270
1741357535662 82.0 271
1741357535898 82.0 272
1741357536130 82.0 273
1741357536371 81.8 274
1741357536610 82.0 275
1741357536924 81.9 276
1741357537197 81.9 277
1741357537430 83.9 278
1741357537692 83.8 279
1741357537957 83.8 280
1741357538287 83.8 281
1741357538586 84.7 282
1741357538828 84.8 283
1741357539077 84.8 284
1741357539321 84.8 285
1741357539566 84.8 286
1741357539800 83.2 287
1741357540034 83.2 288
1741357540263 83.2 289
1741357540497 83.2 290
1741357540737 83.0 291
1741357540996 83.0 292
1741357541238 83.0 293
1741357541508 83.0 294
1741357541753 82.6 295
1741357541989 82.7 296
1741357542238 82.7 297
1741357542477 82.7 298
1741357542713 82.7 299
1741357542947 82.6 300
1741357543187 82.6 301
1741357543429 82.6 302
1741357543670 82.6 303
1741357543914 82.6 304
1741357544161 82.6 305
1741357544394 82.6 306
1741357544629 82.5 307
1741357544869 82.5 308
1741357545163 83.2 309
1741357545413 83.2 310
1741357545658 83.2 311
1741357545919 83.2 312
1741357546188 83.6 313
1741357546454 83.6 314
1741357546688 83.6 315
1741357546928 83.6 316
1741357547165 83.6 317
1741357547407 83.1 318
1741357547647 83.0 319
1741357547888 82.9 320
1741357548163 82.9 321
1741357548471 83.6 322
1741357548717 83.6 323
1741357548959 83.6 324
1741357549200 83.6 325
1741357549451 83.6 326
1741357549689 83.0 327
1741357549944 82.9 328
1741357550204 82.9 329
1741357550441 82.9 330
1741357550689 82.7 331
1741357550978 83.0 332
1741357551222 83.0 333
1741357551460 83.0 334
1741357551705 82.9 335
1741357551947 82.9 336
1741357552187 82.9 337
1741357552433 82.9 338
1741357552669 82.9 339
1741357552904 83.0 340
1741357553141 83.0 341
1741357553380 83.0 342
1741357553627 83.0 343
1741357553869 83.0 344
1741357554103 82.5 345
1741357554357 82.7 346
1741357554597 82.7 347
1741357555101 82.7 348
1741357555382 81.6 349
1741357555626 81.5 350
1741357555777 81.5 351
1741357679350 83.5 352
1741357679615 83.5 353
1741357679865 83.6 354
1741357680105 83.6 355
1741357680342 83.6 356
1741357680609 83.6 357
1741357680864 83.6 358
1741357681135 83.9 359
1741357681372 83.9 360
1741357681602 83.9 361
1741357681841 83.9 362
1741357682076 83.9 363
1741357682319 84.0 364
1741357682572 83.7 365
1741357682824 83.7 366
1741357683067 83.7 367
1741357683307 83.7 368
1741357683541 83.7 369
1741357683785 83.7 370
1741357684023 83.7 371
1741357684265 83.7 372
1741357684511 84.3 373
1741357684763 84.2 374
1741357685003 84.3 375
1741357685249 84.3 376
1741357685484 84.3 377
1741357685716 84.2 378
1741357685947 84.2 379
1741357686182 84.2 380
1741357686408 84.2 381
1741357686640 84.0 382
1741357686890 83.8 383
