1741357470315 90.0 0
1741357470573 0.0 1
1741357470827 0.0 2
1741357471058 82.9 3
1741357471292 81.8 4
1741357471524 79.5 5
1741357471759 81.1 6
1741357471997 0.0 7
1741357472231 78.2 8
1741357472460 78.7 9
1741357472694 80.1 10
1741357472960 86.8 11
1741357473194 0.0 12
1741357473418 80.0 13
1741357473653 82.9 14
1741357473885 79.1 15
1741357474118 78.3 16
1741357474349 80.2 17
1741357474585 81.0 18
1741357474827 80.6 19
1741357475065 81.5 20
1741357475296 0.0 21
1741357475526 79.0 22
1741357475758 81.3 23
1741357475997 88.3 24
1741357476252 0.0 25
1741357476496 0.0 26
1741357476725 90.3 27
1741357477000 83.4 28
1741357477230 78.0 29
1741357477463 0.0 30
1741357477698 78.5 31
1741357477938 79.6 32
1741357478170 81.3 33
1741357478412 85.5 34
1741357478647 0.0 35
1741357478881 79.7 36
1741357479115 79.4 37
1741357479346 0.0 38
1741357479584 0.0 39
1741357479813 0.0 40
1741357480043 80.2 41
1741357480282 77.0 42
1741357480513 78.0 43
1741357480827 87.8 44
1741357481076 80.4 45
1741357481310 77.2 46
1741357481548 82.3 47
1741357481779 0.0 48
1741357482018 0.0 49
1741357482257 79.1 50
1741357482490 76.2 51
1741357482733 81.0 52
1741357482967 79.3 53
1741357483191 0.0 54
1741357483426 75.6 55
1741357483664 80.0 56
1741357483904 78.1 57
1741357484134 0.0 58
1741357484367 0.0 59
1741357484604 79.3 60
1741357484848 82.0 61
1741357485085 78.3 62
1741357485317 78.2 63
1741357485555 76.8 64
1741357485792 81.3 65
1741357486022 0.0 66
1741357486254 0.0 67
1741357486487 0.0 68
1741357486718 78.9 69
1741357486957 79.5 70
1741357487215 0.0 71
1741357487450 0.0 72
1741357487680 0.0 73
1741357487908 79.2 74
1741357488151 81.0 75
1741357488389 0.0 76
1741357488624 0.0 77
1741357488857 0.0 78
1741357489092 78.6 79
1741357489331 88.6 80
1741357489555 83.3 81
1741357489783 0.0 82
1741357490005 0.0 83
1741357490240 84.6 84
1741357490478 78.8 85
1741357490717 81.7 86
1741357490952 0.0 87
1741357491184 0.0 88
1741357491418 77.5 89
1741357491642 0.0 90
1741357491869 0.0 91
1741357492102 0.0 92
1741357492339 0.0 93
1741357492569 76.3 94
1741357492797 76.4 95
1741357493027 77.3 96
1741357493255 0.0 97
1741357493485 0.0 98
1741357493715 77.4 99
1741357493960 80.6 100
1741357494192 76.8 101
1741357494418 0.0 102
1741357494644 75.0 103
1741357495144 89.7 104
1741357495401 80.7 105
1741357495657 78.7 106
1741357495909 81.2 107
1741357496147 80.4 108
1741357496383 76.2 109
1741357496611 0.0 110
1741357496845 77.7 111
1741357497100 80.1 112
1741357497336 0.0 113
1741357497576 0.0 114
1741357497821 0.0 115
1741357498077 79.2 116
1741357498304 77.2 117
1741357498535 0.0 118
1741357498764 0.0 119
1741357499011 0.0 120
1741357499249 78.4 121
1741357499497 81.4 122
1741357499730 0.0 123
1741357499964 0.0 124
1741357500198 0.0 125
1741357500441 79.2 126
1741357500687 80.8 127
1741357500920 76.5 128
1741357501156 0.0 129
1741357501392 0.0 130
1741357501627 78.2 131
1741357501871 84.3 132
1741357502122 0.0 133
1741357502374 0.0 134
1741357502617 0.0 135
1741357502848 80.7 136
1741357503084 79.9 137
1741357503329 0.0 138
1741357503579 0.0 139
1741357503824 0.0 140
1741357504066 82.4 141
1741357504313 80.8 142
1741357504547 0.0 143
1741357504801 0.0 144
1741357505036 80.3 145
1741357505280 82.7 146
1741357505523 80.5 147
1741357505762 0.0 148
1741357505998 0.0 149
1741357506234 81.1 150
1741357506473 80.2 151
1741357506715 0.0 152
1741357506952 0.0 153
1741357507189 78.8 154
1741357507417 79.0 155
1741357507643 76.7 156
1741357507893 0.0 157
1741357508131 0.0 158
1741357508376 81.4 159
1741357508626 81.1 160
1741357508859 85.7 161
1741357509091 0.0 162
1741357509325 0.0 163
1741357509569 78.8 164
1741357509797 77.6 165
1741357510039 0.0 166
1741357510266 0.0 167
1741357510500 0.0 168
1741357510740 79.8 169
1741357510968 78.0 170
1741357511201 78.8 171
1741357511430 0.0 172
1741357511660 0.0 173
1741357511894 78.9 174
1741357512124 0.0 175
1741357512363 0.0 176
1741357512596 0.0 177
1741357512826 0.0 178
1741357513060 77.9 179
1741357513293 80.4 180
1741357513521 79.6 181
1741357513753 81.6 182
1741357513996 82.4 183
1741357514236 80.1 184
1741357514493 0.0 185
1741357514724 0.0 186
1741357514951 0.0 187
1741357515188 79.3 188
1741357515427 77.8 189
1741357515665 0.0 190
1741357515893 0.0 191
1741357516116 0.0 192
1741357516349 76.1 193
1741357516587 0.0 194
1741357516816 0.0 195
1741357517051 0.0 196
1741357517316 78.5 197
1741357517543 76.2 198
1741357517776 80.8 199
1741357518006 0.0 200
1741357518243 0.0 201
1741357518485 78.2 202
1741357518720 80.9 203
1741357518984 0.0 204
1741357519228 0.0 205
1741357519480 0.0 206
1741357519714 80.2 207
1741357519969 0.0 208
1741357520211 0.0 209
1741357520454 0.0 210
1741357520689 78.9 211
1741357520933 81.4 212
1741357521283 89.4 213
1741357521566 0.0 214
1741357521813 88.6 215
1741357522057 85.5 216
1741357522303 82.4 217
1741357522554 82.3 218
1741357522846 84.2 219
1741357523091 78.3 220
1741357523329 0.0 221
1741357523613 0.0 222
1741357523887 81.6 223
1741357524174 84.7 224
1741357524456 84.6 225
1741357524699 0.0 226
1741357524933 78.3 227
1741357525182 81.2 228
1741357525420 82.3 229
1741357525653 76.7 230
1741357525885 0.0 231
1741357526147 80.9 232
1741357526389 79.3 233
1741357526627 80.0 234
1741357526862 81.3 235
1741357527100 0.0 236
1741357527340 78.9 237
1741357527571 76.2 238
1741357527804 0.0 239
1741357528039 0.0 240
1741357528276 0.0 241
1741357528530 79.4 242
1741357528796 79.5 243
1741357529044 84.6 244
1741357529272 76.7 245
1741357529505 77.3 246
1741357529742 77.9 247
1741357529977 76.6 248
1741357530292 0.0 249
1741357530535 0.0 250
1741357530777 79.7 251
1741357531012 79.5 252
1741357531254 78.2 253
1741357531495 78.2 254
1741357531800 77.4 255
1741357532044 78.4 256
1741357532281 0.0 257
1741357532515 0.0 258
1741357532757 0.0 259
1741357532999 78.1 260
1741357533232 76.4 261
1741357533466 78.7 262
1741357533721 86.8 263
1741357533954 80.5 264
1741357534189 80.2 265
1741357534429 78.2 266
1741357534661 80.2 267
1741357534905 0.0 268
1741357535204 76.4 269
1741357535431 81.2 270
1741357535662 81.2 271
1741357535898 0.0 272
1741357536130 0.0 273
1741357536371 77.4 274
1741357536610 80.7 275
1741357536924 0.0 276
1741357537197 0.0 277
1741357537430 80.9 278
1741357537692 86.7 279
1741357537957 0.0 280
1741357538287 0.0 281
1741357538586 88.2 282
1741357538828 78.0 283
1741357539077 84.1 284
1741357539321 0.0 285
1741357539566 0.0 286
1741357539800 79.8 287
1741357540034 76.1 288
1741357540263 0.0 289
1741357540497 0.0 290
1741357540737 76.9 291
1741357540996 0.0 292
1741357541238 0.0 293
1741357541508 0.0 294
1741357541753 81.3 295
1741357541989 79.9 296
1741357542238 83.5 297
1741357542477 0.0 298
1741357542713 0.0 299
1741357542947 77.4 300
1741357543187 81.4 301
1741357543429 79.3 302
1741357543670 0.0 303
1741357543914 0.0 304
1741357544161 80.1 305
1741357544394 77.9 306
1741357544629 85.4 307
1741357544869 0.0 308
1741357545163 83.2 309
1741357545413 80.7 310
1741357545658 0.0 311
1741357545919 0.0 312
1741357546188 84.1 313
1741357546454 85.1 314
1741357546688 78.3 315
1741357546928 80.2 316
1741357547165 78.3 317
1741357547407 83.7 318
1741357547647 0.0 319
1741357547888 0.0 320
1741357548163 0.0 321
1741357548471 83.7 322
1741357548717 81.9 323
1741357548959 0.0 324
1741357549200 0.0 325
1741357549451 0.0 326
1741357549689 80.7 327
1741357549944 0.0 328
1741357550204 0.0 329
1741357550441 0.0 330
1741357550689 83.2 331
1741357550978 88.8 332
1741357551222 0.0 333
1741357551460 0.0 334
1741357551705 80.8 335
1741357551947 80.2 336
1741357552187 81.0 337
1741357552433 0.0 338
1741357552669 0.0 339
1741357552904 79.8 340
1741357553141 78.1 341
1741357553380 78.7 342
1741357553627 80.7 343
1741357553869 0.0 344
1741357554103 77.2 345
1741357554357 81.7 346
1741357554597 0.0 347
1741357555101 0.0 348
1741357555382 83.8 349
1741357555626 81.7 350
1741357555777 85.4 351
1741357679350 78.3 352
1741357679615 0.0 353
1741357679865 83.0 354
1741357680105 79.0 355
1741357680342 78.5 356
1741357680609 84.8 357
1741357680864 0.0 358
1741357681135 83.4 359
1741357681372 74.9 360
1741357681602 74.7 361
1741357681841 0.0 362
1741357682076 78.1 363
1741357682319 79.7 364
1741357682572 80.7 365
1741357682824 0.0 366
1741357683067 0.0 367
1741357683307 80.3 368
1741357683541 77.1 369
1741357683785 80.7 370
1741357684023 79.2 371
1741357684265 0.0 372
1741357684511 83.3 373
1741357684763 81.0 374
1741357685003 77.2 375
1741357685249 0.0 376
1741357685484 0.0 377
1741357685716 79.8 378
1741357685947 0.0 379
1741357686182 0.0 380
1741357686408 0.0 381
1741357686640 76.3 382
1741357686890 78.9 383
